Instance : a280.tsp
opt distance : 6773
trial : 20
generation : 100
population : 200
children : 100
trial...1
gene	min	max	ave
1	2676	2909	2803.11
2	2639	2837	2728.41
3	2612	2744	2673.3
4	2591	2695	2636.72
5	2582	2648	2610.7
6	2579	2630	2593.95
7	2579	2607	2583.09
8	2579	2586	2579.51
9	2579	2581	2579.03
10	2579	2579	2579
trial...2
gene	min	max	ave
1	2687	2930	2811.21
2	2620	2829	2728
3	2610	2745	2666.03
4	2584	2694	2626.08
5	2581	2657	2602.14
6	2579	2622	2588.43
7	2579	2596	2581.61
8	2579	2583	2579.45
9	2579	2581	2579.06
10	2579	2579	2579
trial...3
gene	min	max	ave
1	2671	2928	2805.28
2	2635	2817	2721.97
3	2597	2762	2662.05
4	2588	2683	2622.92
5	2579	2632	2598.74
6	2579	2609	2585.71
7	2579	2590	2580.18
8	2579	2582	2579.05
9	2579	2579	2579
trial...4
gene	min	max	ave
1	2670	2947	2800.09
2	2630	2829	2722.09
3	2602	2751	2661.99
4	2588	2679	2623.24
5	2581	2625	2598.45
6	2579	2610	2585.52
7	2579	2593	2580.12
8	2579	2582	2579.2
9	2579	2579	2579
trial...5
gene	min	max	ave
1	2679	2945	2804.16
2	2625	2870	2723.89
3	2602	2749	2665.32
4	2582	2696	2627.59
5	2581	2654	2602.61
6	2579	2619	2587.59
7	2579	2604	2580.89
8	2579	2586	2579.14
9	2579	2579	2579
trial...6
gene	min	max	ave
1	2678	2906	2802.25
2	2623	2802	2720.13
3	2602	2765	2661.18
4	2589	2682	2622.48
5	2579	2640	2599.57
6	2579	2621	2586.41
7	2579	2590	2580.52
8	2579	2585	2579.17
9	2579	2579	2579
trial...7
gene	min	max	ave
1	2681	2921	2800.05
2	2622	2829	2720.74
3	2604	2759	2664.37
4	2589	2679	2625.41
5	2579	2639	2601.45
6	2579	2621	2587.09
7	2579	2596	2580.72
8	2579	2585	2579.22
9	2579	2581	2579.02
10	2579	2579	2579
trial...8
gene	min	max	ave
1	2679	2925	2811.35
2	2635	2844	2729.66
3	2610	2749	2668.65
4	2588	2698	2628.22
5	2581	2639	2604.11
6	2579	2623	2589.82
7	2579	2594	2581.95
8	2579	2584	2579.34
9	2579	2581	2579.02
10	2579	2579	2579
trial...9
gene	min	max	ave
1	2655	2935	2808.53
2	2628	2830	2729.78
3	2619	2761	2673.05
4	2590	2684	2631.66
5	2581	2643	2605.87
6	2579	2617	2590.55
7	2579	2598	2582.18
8	2579	2588	2579.53
9	2579	2581	2579.03
10	2579	2579	2579
trial...10
gene	min	max	ave
1	2669	2919	2804.52
2	2631	2829	2725.49
3	2585	2746	2666.8
4	2585	2706	2625.82
5	2579	2658	2602.24
6	2579	2623	2587.45
7	2579	2593	2581.04
8	2579	2583	2579.29
9	2579	2581	2579.01
10	2579	2579	2579
trial...11
gene	min	max	ave
1	2681	2969	2809.76
2	2640	2812	2727.53
3	2600	2736	2666.84
4	2587	2700	2629.22
5	2579	2652	2603.39
6	2579	2625	2588.61
7	2579	2595	2581.66
8	2579	2588	2579.51
9	2579	2581	2579.06
10	2579	2579	2579
trial...12
gene	min	max	ave
1	2680	2930	2803.32
2	2623	2823	2723.22
3	2606	2750	2663.78
4	2589	2708	2626.84
5	2579	2659	2601.7
6	2579	2610	2587.5
7	2579	2594	2581.45
8	2579	2586	2579.59
9	2579	2581	2579.12
10	2579	2579	2579
trial...13
gene	min	max	ave
1	2682	2925	2804.98
2	2628	2802	2724.36
3	2615	2752	2666.54
4	2595	2683	2628.26
5	2582	2642	2604.39
6	2579	2618	2590.07
7	2579	2596	2582
8	2579	2585	2579.51
9	2579	2581	2579.03
10	2579	2579	2579
trial...14
gene	min	max	ave
1	2697	2924	2798.18
2	2640	2831	2718.73
3	2615	2750	2661.62
4	2595	2672	2625.57
5	2582	2634	2603
6	2579	2611	2588.68
7	2579	2595	2581.22
8	2579	2585	2579.14
9	2579	2579	2579
trial...15
gene	min	max	ave
1	2663	2939	2801.84
2	2633	2817	2718.33
3	2598	2749	2660.66
4	2589	2679	2621.43
5	2581	2634	2597.93
6	2579	2606	2585.31
7	2579	2588	2580.45
8	2579	2581	2579.25
9	2579	2581	2579.04
10	2579	2579	2579
trial...16
gene	min	max	ave
1	2669	2927	2805.72
2	2647	2841	2729.74
3	2597	2776	2672.09
4	2585	2699	2630.43
5	2579	2659	2602.62
6	2579	2635	2588.05
7	2579	2598	2581.58
8	2579	2583	2579.24
9	2579	2581	2579.02
10	2579	2579	2579
trial...17
gene	min	max	ave
1	2694	2925	2803.27
2	2638	2824	2724.51
3	2605	2742	2666.51
4	2587	2702	2625.34
5	2579	2648	2600.07
6	2579	2614	2585.28
7	2579	2604	2579.84
8	2579	2581	2579.01
9	2579	2579	2579
trial...18
gene	min	max	ave
1	2666	2929	2802.26
2	2630	2829	2719.46
3	2602	2768	2661.2
4	2585	2691	2622.89
5	2579	2651	2600.99
6	2579	2614	2587.91
7	2579	2597	2580.79
8	2579	2581	2579.19
9	2579	2581	2579.02
10	2579	2579	2579
trial...19
gene	min	max	ave
1	2661	2919	2803.8
2	2628	2836	2725.5
3	2590	2752	2663.7
4	2582	2693	2623.5
5	2581	2630	2600.89
6	2579	2613	2587.43
7	2579	2596	2581.03
8	2579	2584	2579.22
9	2579	2579	2579
trial...20
gene	min	max	ave
1	2677	2967	2802.09
2	2630	2841	2720.54
3	2616	2737	2665.72
4	2594	2686	2627.89
5	2581	2648	2603.97
6	2579	2612	2589.6
7	2579	2596	2581.94
8	2579	2584	2579.37
9	2579	2579	2579
opt count : 0
opt average : 2579
convergence generation : 9.6
