Instance : ali535.tsp
opt distance : 6773
trial : 1
generation : 100
population : 200
children : 100
trial...1
gene	min	max	ave
1	2087	2295	2147.61
2	2054	2156	2102
3	2035	2106	2070.84
4	2022	2075	2047.71
5	2012	2050	2030.43
6	2004	2036	2017.59
7	1996	2018	2007.79
8	1991	2011	2000.38
9	1989	2002	1995.07
10	1986	1996	1991
11	1985	1992	1988.04
12	1983	1989	1985.83
13	1982	1987	1984.35
14	1982	1986	1983.39
15	1982	1984	1982.84
16	1982	1983	1982.54
17	1982	1983	1982.28
18	1982	1983	1982.09
19	1982	1983	1982.01
20	1982	1982	1982
opt count : 0
opt average : 1982
convergence generation : 20
