Instance : att48.tsp
opt distance : 6773
trial : 20
generation : 100
population : 200
children : 100
trial...1
gene	min	max	ave
1	33522	35460	34237.8
2	33522	34806	33909.9
3	33522	34183	33685.3
4	33522	33872	33587.8
5	33522	33783	33545.2
6	33522	33599	33525.8
7	33522	33522	33522
trial...2
gene	min	max	ave
1	33554	35905	34324.4
2	33522	34674	33892
3	33522	34263	33708.8
4	33522	34076	33624.6
5	33522	33767	33571.8
6	33522	33700	33541.1
7	33522	33599	33525.7
8	33522	33587	33522.3
9	33522	33522	33522
trial...3
gene	min	max	ave
1	33522	36038	34279.2
2	33522	35168	33868.7
3	33522	34383	33675.6
4	33522	33872	33584.6
5	33522	33715	33539.5
6	33522	33631	33523.3
7	33522	33522	33522
trial...4
gene	min	max	ave
1	33522	35689	34349.6
2	33522	34868	33892.1
3	33522	34185	33685.3
4	33522	33831	33595
5	33522	33831	33548.4
6	33522	33599	33525.8
7	33522	33522	33522
trial...5
gene	min	max	ave
1	33522	35544	34264.4
2	33522	34790	33900.2
3	33522	34248	33699.1
4	33522	33926	33603.1
5	33522	33767	33545.5
6	33522	33700	33526.7
7	33522	33522	33522
trial...6
gene	min	max	ave
1	33522	35805	34258.8
2	33522	34824	33881
3	33522	34498	33678
4	33522	34307	33591.4
5	33522	33783	33543.9
6	33522	33599	33525.6
7	33522	33522	33522
trial...7
gene	min	max	ave
1	33522	35536	34264.8
2	33522	34672	33907.1
3	33522	34244	33708.1
4	33522	33908	33611.8
5	33522	33831	33546
6	33522	33599	33524.2
7	33522	33522	33522
trial...8
gene	min	max	ave
1	33522	35748	34314.6
2	33522	34926	33924.3
3	33522	34393	33718.7
4	33522	34018	33614.9
5	33522	33715	33552.6
6	33522	33606	33526.4
7	33522	33522	33522
trial...9
gene	min	max	ave
1	33522	35554	34270.3
2	33522	34862	33890.4
3	33522	34060	33702.1
4	33522	33897	33619.7
5	33522	33747	33561.5
6	33522	33700	33532.2
7	33522	33599	33523.1
8	33522	33522	33522
trial...10
gene	min	max	ave
1	33522	35390	34248.7
2	33522	34730	33856.5
3	33522	34581	33678.2
4	33522	33974	33594.6
5	33522	33767	33549.3
6	33522	33599	33526.6
7	33522	33599	33522.4
8	33522	33522	33522
trial...11
gene	min	max	ave
1	33522	35604	34307.2
2	33522	34920	33887.9
3	33522	34335	33697.3
4	33522	33831	33600
5	33522	33783	33545.3
6	33522	33715	33524.8
7	33522	33522	33522
trial...12
gene	min	max	ave
1	33599	35938	34366
2	33522	34802	33914.1
3	33522	34244	33719.9
4	33522	34107	33629.2
5	33522	33799	33576.8
6	33522	33700	33535.8
7	33522	33606	33522.8
8	33522	33522	33522
trial...13
gene	min	max	ave
1	33522	36275	34339.9
2	33522	35489	33934.2
3	33522	34323	33717.4
4	33522	34099	33606.5
5	33522	33831	33547.9
6	33522	33606	33525.8
7	33522	33587	33522.3
8	33522	33522	33522
trial...14
gene	min	max	ave
1	33522	35540	34333.6
2	33522	34821	33894.9
3	33522	34275	33679.6
4	33522	33897	33588.2
5	33522	33767	33540.9
6	33522	33599	33523.9
7	33522	33522	33522
trial...15
gene	min	max	ave
1	33546	35408	34274.6
2	33522	34632	33888.7
3	33522	34248	33706.4
4	33522	33831	33613
5	33522	33767	33557.3
6	33522	33700	33530.2
7	33522	33599	33522.4
8	33522	33522	33522
trial...16
gene	min	max	ave
1	33554	35901	34310.9
2	33522	34602	33857.9
3	33522	34385	33679.1
4	33522	33872	33594.5
5	33522	33715	33544.4
6	33522	33599	33523.3
7	33522	33522	33522
trial...17
gene	min	max	ave
1	33522	36028	34296.6
2	33522	34675	33868.4
3	33522	34379	33673
4	33522	33899	33585.1
5	33522	33767	33537.5
6	33522	33599	33523.1
7	33522	33522	33522
trial...18
gene	min	max	ave
1	33522	35443	34347.6
2	33522	34658	33913.8
3	33522	34355	33730.3
4	33522	33882	33626
5	33522	33783	33567.4
6	33522	33715	33534.4
7	33522	33599	33523.1
8	33522	33522	33522
trial...19
gene	min	max	ave
1	33522	35448	34200.6
2	33522	34826	33838.2
3	33522	34526	33666.2
4	33522	33960	33575.6
5	33522	33700	33534.5
6	33522	33587	33523
7	33522	33522	33522
trial...20
gene	min	max	ave
1	33522	36250	34254.7
2	33522	34909	33847.7
3	33522	34646	33666.9
4	33522	33831	33585.2
5	33522	33783	33538.4
6	33522	33599	33524
7	33522	33522	33522
opt count : 0
opt average : 33522
convergence generation : 7.4
