Instance : att532.tsp
opt distance : 6773
trial : 1
generation : 100
population : 200
children : 100
trial...1
gene	min	max	ave
1	91158	96622	93326.4
2	89729	93477	91791.2
3	89140	92039	90642.2
4	88701	90948	89756
5	88257	89911	89069
6	87848	89211	88522.4
7	87551	88734	88109.5
8	87269	88215	87732.8
9	87166	87854	87462.6
10	87060	87503	87254.1
11	86950	87290	87105.4
12	86867	87157	87002.3
13	86818	87056	86924.4
14	86793	86956	86868.1
15	86752	86902	86830.4
16	86729	86859	86802.1
17	86729	86846	86778
18	86729	86808	86757.6
19	86729	86788	86744.1
20	86729	86766	86735
21	86729	86766	86729.9
22	86729	86758	86729.1
23	86729	86729	86729
opt count : 0
opt average : 86729
convergence generation : 23
