Instance : berlin52.tsp
opt distance : 6773
trial : 20
generation : 100
population : 200
children : 100
trial...1
gene	min	max	ave
1	7542	8383	7960.13
2	7542	8128	7802.45
3	7542	8024	7671.43
4	7542	7815	7586.15
5	7542	7775	7548.12
6	7542	7596	7542.27
7	7542	7542	7542
trial...2
gene	min	max	ave
1	7542	8455	7948.45
2	7542	8109	7774.49
3	7542	7986	7649.6
4	7542	7886	7573.56
5	7542	7715	7545.94
6	7542	7542	7542
trial...3
gene	min	max	ave
1	7542	8470	7936.31
2	7542	8152	7775.21
3	7542	8036	7649.61
4	7542	7794	7571.09
5	7542	7715	7544.26
6	7542	7542	7542
trial...4
gene	min	max	ave
1	7542	8486	7954.68
2	7542	8163	7780.61
3	7542	7954	7659.15
4	7542	7852	7574.58
5	7542	7741	7547.6
6	7542	7542	7542
trial...5
gene	min	max	ave
1	7577	8480	7965.44
2	7542	8148	7806.28
3	7542	8009	7683.9
4	7542	7833	7598.44
5	7542	7775	7556.73
6	7542	7596	7544.73
7	7542	7596	7542.27
8	7542	7542	7542
trial...6
gene	min	max	ave
1	7542	8507	7979.52
2	7542	8122	7816.98
3	7542	8074	7684.95
4	7542	7810	7600.62
5	7542	7775	7557.11
6	7542	7715	7545.02
7	7542	7547	7542.02
8	7542	7542	7542
trial...7
gene	min	max	ave
1	7542	8345	7994.01
2	7542	8140	7819.65
3	7542	8003	7681.28
4	7542	7929	7590.39
5	7542	7775	7549.06
6	7542	7542	7542
trial...8
gene	min	max	ave
1	7542	8464	7947.4
2	7542	8148	7786.19
3	7542	7984	7655.77
4	7542	7866	7581.84
5	7542	7715	7546.6
6	7542	7596	7542.27
7	7542	7542	7542
trial...9
gene	min	max	ave
1	7542	8508	7953.15
2	7542	8122	7795.99
3	7542	8002	7665.52
4	7542	7892	7579.16
5	7542	7775	7547.51
6	7542	7542	7542
trial...10
gene	min	max	ave
1	7542	8494	7947.6
2	7542	8088	7791.83
3	7542	7945	7668.31
4	7542	7792	7582.61
5	7542	7749	7549.48
6	7542	7596	7542.27
7	7542	7542	7542
trial...11
gene	min	max	ave
1	7542	8574	7978.73
2	7542	8148	7819.16
3	7542	7987	7688.24
4	7542	7898	7593.09
5	7542	7715	7550.45
6	7542	7547	7542.02
7	7542	7542	7542
trial...12
gene	min	max	ave
1	7604	8568	7969.03
2	7542	8149	7800.03
3	7542	7957	7671.46
4	7542	7826	7585.02
5	7542	7749	7549.9
6	7542	7646	7542.76
7	7542	7542	7542
trial...13
gene	min	max	ave
1	7542	8426	7970.07
2	7542	8116	7812.95
3	7542	8050	7689.29
4	7542	7938	7599.48
5	7542	7795	7560.28
6	7542	7596	7543.4
7	7542	7542	7542
trial...14
gene	min	max	ave
1	7542	8424	7958.15
2	7542	8138	7776.16
3	7542	7980	7651.19
4	7542	7815	7567.35
5	7542	7596	7543.28
6	7542	7542	7542
trial...15
gene	min	max	ave
1	7542	8397	7964
2	7542	8162	7817.06
3	7542	8013	7691.2
4	7542	7929	7595.26
5	7542	7851	7552.54
6	7542	7596	7542.35
7	7542	7542	7542
trial...16
gene	min	max	ave
1	7617	8483	7964.6
2	7542	8206	7804.68
3	7542	8007	7680.65
4	7542	7815	7597.99
5	7542	7715	7554.47
6	7542	7599	7543.12
7	7542	7542	7542
trial...17
gene	min	max	ave
1	7542	8516	7942.47
2	7542	8158	7787.41
3	7542	7969	7668.04
4	7542	7828	7592.35
5	7542	7734	7551.85
6	7542	7599	7542.85
7	7542	7542	7542
trial...18
gene	min	max	ave
1	7542	8447	7976.67
2	7542	8226	7813.37
3	7542	7972	7696.45
4	7542	7940	7607.9
5	7542	7775	7554.87
6	7542	7732	7543.49
7	7542	7542	7542
trial...19
gene	min	max	ave
1	7542	8426	7960.08
2	7542	8170	7815.72
3	7542	8012	7691.14
4	7542	7810	7600.88
5	7542	7775	7556.75
6	7542	7658	7542.88
7	7542	7542	7542
trial...20
gene	min	max	ave
1	7542	8446	7968.65
2	7542	8101	7791.81
3	7542	7980	7664.01
4	7542	7788	7583.05
5	7542	7704	7546.44
6	7542	7596	7542.27
7	7542	7542	7542
opt count : 0
opt average : 7542
convergence generation : 6.8
