Instance : d493.tsp
opt distance : 6773
trial : 1
generation : 100
population : 200
children : 100
trial...1
gene	min	max	ave
1	36711	38693	37431.2
2	36369	37321	36828.1
3	35890	36831	36401.7
4	35701	36438	36084.5
5	35495	36188	35827.8
6	35313	35888	35618.5
7	35218	35696	35449.8
8	35115	35494	35319.9
9	35077	35367	35220
10	35034	35306	35144.5
11	35029	35214	35089.1
12	35020	35187	35054.2
13	35007	35068	35033.6
14	35005	35047	35021.6
15	35004	35031	35014
16	35004	35024	35008.7
17	35004	35017	35005.8
18	35004	35008	35004.9
19	35004	35005	35004.7
20	35004	35005	35004.4
21	35004	35005	35004.2
22	35004	35005	35004
23	35004	35005	35004
24	35004	35004	35004
opt count : 0
opt average : 35004
convergence generation : 24
