Instance : dantzig42.tsp
opt distance : 6773
trial : 20
generation : 100
population : 200
children : 100
trial...1
gene	min	max	ave
1	675	732	694.425
2	675	715	682.445
3	675	687	676.97
4	675	683	675.285
5	675	676	675.015
6	675	675	675
trial...2
gene	min	max	ave
1	675	732	692.365
2	675	711	682.085
3	675	700	677.51
4	675	684	675.28
5	675	676	675.01
6	675	675	675
trial...3
gene	min	max	ave
1	675	731	694.68
2	675	712	683.365
3	675	691	677.71
4	675	684	675.365
5	675	676	675.015
6	675	675	675
trial...4
gene	min	max	ave
1	675	734	692.28
2	675	708	682.455
3	675	695	677.16
4	675	684	675.25
5	675	676	675.025
6	675	676	675.005
7	675	675	675
trial...5
gene	min	max	ave
1	675	735	694.005
2	675	719	683.47
3	675	692	678.095
4	675	685	675.735
5	675	676	675.06
6	675	676	675.005
7	675	675	675
trial...6
gene	min	max	ave
1	675	735	693.21
2	675	714	682.43
3	675	693	676.545
4	675	685	675.21
5	675	676	675.01
6	675	676	675.005
7	675	675	675
trial...7
gene	min	max	ave
1	675	731	691.65
2	675	711	681.235
3	675	688	676.625
4	675	680	675.06
5	675	676	675.005
6	675	675	675
trial...8
gene	min	max	ave
1	675	725	692.31
2	675	710	681.95
3	675	687	676.92
4	675	683	675.15
5	675	675	675
trial...9
gene	min	max	ave
1	675	723	688.92
2	675	701	680.16
3	675	686	676.245
4	675	683	675.12
5	675	676	675.005
6	675	675	675
trial...10
gene	min	max	ave
1	675	731	691.005
2	675	706	681.245
3	675	691	677.01
4	675	684	675.335
5	675	676	675.01
6	675	675	675
trial...11
gene	min	max	ave
1	675	741	692.19
2	675	711	682.26
3	675	691	677.18
4	675	686	675.4
5	675	675	675
trial...12
gene	min	max	ave
1	675	761	693.145
2	675	714	682.94
3	675	696	677.795
4	675	684	675.45
5	675	676	675.025
6	675	675	675
trial...13
gene	min	max	ave
1	675	745	692.94
2	675	713	682.465
3	675	695	677.505
4	675	683	675.27
5	675	675	675
trial...14
gene	min	max	ave
1	675	741	693.285
2	675	716	682.89
3	675	693	677.295
4	675	683	675.255
5	675	676	675.02
6	675	675	675
trial...15
gene	min	max	ave
1	675	725	693.55
2	675	710	682.785
3	675	690	677.58
4	675	683	675.46
5	675	678	675.035
6	675	675	675
trial...16
gene	min	max	ave
1	675	725	690.655
2	675	718	681.29
3	675	698	676.31
4	675	683	675.16
5	675	675	675
trial...17
gene	min	max	ave
1	675	733	693.385
2	675	709	682.45
3	675	689	677.315
4	675	683	675.415
5	675	676	675.04
6	675	675	675
trial...18
gene	min	max	ave
1	675	726	691.415
2	675	707	681.085
3	675	687	676.73
4	675	683	675.26
5	675	676	675.04
6	675	675	675
trial...19
gene	min	max	ave
1	675	738	693.23
2	675	711	682.175
3	675	693	677.38
4	675	685	675.275
5	675	676	675.015
6	675	675	675
trial...20
gene	min	max	ave
1	675	730	694.16
2	675	717	683.23
3	675	695	677.26
4	675	683	675.28
5	675	683	675.06
6	675	675	675
opt count : 0
opt average : 675
convergence generation : 5.95
