Instance : gr666.tsp
opt distance : 6773
trial : 1
generation : 100
population : 200
children : 100
trial...1
gene	min	max	ave
1	3253	3450	3328.63
2	3216	3348	3268.98
3	3173	3280	3223.09
4	3146	3230	3188.73
5	3125	3206	3158.94
6	3105	3164	3136.05
7	3102	3138	3118.53
8	3091	3117	3105.12
9	3083	3105	3094.53
10	3078	3095	3086.61
11	3072	3088	3080.28
12	3069	3081	3075.1
13	3065	3077	3070.89
14	3063	3073	3067.76
15	3063	3070	3065.53
16	3062	3067	3063.97
17	3062	3065	3063.14
18	3062	3064	3062.85
19	3062	3063	3062.66
20	3062	3063	3062.42
21	3062	3063	3062.15
22	3062	3063	3062.04
23	3062	3062	3062
opt count : 0
opt average : 3062
convergence generation : 23
