Instance : kroA100.tsp
opt distance : 6773
trial : 20
generation : 100
population : 200
children : 100
trial...1
gene	min	max	ave
1	21315	24039	22246.2
2	21292	22790	21737.8
3	21282	22078	21458.9
4	21282	21765	21338.3
5	21282	21396	21295.1
6	21282	21305	21284.3
7	21282	21295	21282.2
8	21282	21282	21282
trial...2
gene	min	max	ave
1	21381	23620	22194.9
2	21282	22721	21704.1
3	21282	22122	21440.4
4	21282	21699	21320.3
5	21282	21416	21288
6	21282	21355	21282.6
7	21282	21282	21282
trial...3
gene	min	max	ave
1	21379	23351	22159.9
2	21282	22789	21671.1
3	21282	21932	21410.2
4	21282	21555	21318
5	21282	21373	21286.7
6	21282	21305	21282.3
7	21282	21282	21282
trial...4
gene	min	max	ave
1	21346	23680	22149.4
2	21282	22709	21654
3	21282	22035	21417.1
4	21282	21630	21317.7
5	21282	21365	21287.1
6	21282	21295	21282.2
7	21282	21282	21282
trial...5
gene	min	max	ave
1	21319	23426	22166.5
2	21282	22861	21696.7
3	21282	22075	21433.2
4	21282	21630	21321.2
5	21282	21577	21288.9
6	21282	21305	21282.5
7	21282	21282	21282
trial...6
gene	min	max	ave
1	21378	23366	22182.7
2	21282	22780	21690.6
3	21282	22097	21429.7
4	21282	21577	21324.1
5	21282	21472	21290.2
6	21282	21305	21282.8
7	21282	21282	21282
trial...7
gene	min	max	ave
1	21296	23872	22210.5
2	21282	22546	21681
3	21282	22203	21425.3
4	21282	21650	21320.9
5	21282	21378	21287.7
6	21282	21305	21282.3
7	21282	21282	21282
trial...8
gene	min	max	ave
1	21367	23218	22186.7
2	21296	22736	21685.9
3	21282	21965	21426.5
4	21282	21469	21322
5	21282	21359	21291.5
6	21282	21305	21283.1
7	21282	21295	21282.1
8	21282	21282	21282
trial...9
gene	min	max	ave
1	21379	23876	22214.8
2	21282	22581	21712.1
3	21282	21929	21439.9
4	21282	21654	21326.4
5	21282	21489	21293.4
6	21282	21369	21283.6
7	21282	21295	21282.2
8	21282	21282	21282
trial...10
gene	min	max	ave
1	21399	23346	22210.8
2	21282	22808	21721.7
3	21282	22050	21455.2
4	21282	21644	21337.8
5	21282	21421	21295.8
6	21282	21295	21282.5
7	21282	21282	21282
trial...11
gene	min	max	ave
1	21357	23762	22189.3
2	21282	22464	21663.9
3	21282	21919	21406.2
4	21282	21600	21307.6
5	21282	21355	21287.1
6	21282	21305	21282.7
7	21282	21282	21282
trial...12
gene	min	max	ave
1	21292	23388	22215.8
2	21282	22842	21705
3	21282	22263	21417
4	21282	21517	21309.2
5	21282	21353	21288
6	21282	21305	21282.7
7	21282	21282	21282
trial...13
gene	min	max	ave
1	21392	23328	22203
2	21282	22488	21699.1
3	21282	22027	21443
4	21282	21647	21326.2
5	21282	21415	21287.8
6	21282	21343	21282.7
7	21282	21282	21282
trial...14
gene	min	max	ave
1	21379	23762	22212.9
2	21282	22553	21710.5
3	21282	22093	21434.8
4	21282	21648	21320.7
5	21282	21387	21288.8
6	21282	21305	21283.2
7	21282	21282	21282
trial...15
gene	min	max	ave
1	21452	23362	22200.9
2	21282	22775	21734.7
3	21282	22018	21464.5
4	21282	21726	21338.4
5	21282	21445	21291.6
6	21282	21295	21282.4
7	21282	21282	21282
trial...16
gene	min	max	ave
1	21356	23643	22211.7
2	21282	22361	21704.2
3	21282	21893	21432.8
4	21282	21673	21323.5
5	21282	21431	21287.3
6	21282	21305	21282.8
7	21282	21282	21282
trial...17
gene	min	max	ave
1	21282	23572	22185.2
2	21282	22857	21673
3	21282	21878	21421
4	21282	21517	21315.1
5	21282	21376	21289.4
6	21282	21305	21283
7	21282	21282	21282
trial...18
gene	min	max	ave
1	21305	23841	22146.4
2	21282	22487	21667.1
3	21282	22048	21421
4	21282	21640	21317.9
5	21282	21403	21289.1
6	21282	21296	21282.5
7	21282	21282	21282
trial...19
gene	min	max	ave
1	21497	23293	22189.3
2	21282	22677	21680.8
3	21282	22000	21412.6
4	21282	21523	21311.4
5	21282	21355	21286.3
6	21282	21305	21282.2
7	21282	21282	21282
trial...20
gene	min	max	ave
1	21296	23600	22251.3
2	21292	23041	21722
3	21282	22018	21446
4	21282	21517	21320.9
5	21282	21383	21289.5
6	21282	21305	21282.9
7	21282	21295	21282.1
8	21282	21282	21282
opt count : 0
opt average : 21282
convergence generation : 7.2
