Instance : kroB200.tsp
opt distance : 6773
trial : 20
generation : 100
population : 200
children : 100
trial...1
gene	min	max	ave
1	30214	32884	31437.9
2	29708	31903	30735.4
3	29572	31189	30260.8
4	29489	30437	29920.3
5	29448	30247	29691.6
6	29438	29802	29535.4
7	29437	29604	29473.2
8	29437	29525	29448.2
9	29437	29509	29439.5
10	29437	29438	29437
11	29437	29437	29437
trial...2
gene	min	max	ave
1	30066	33096	31344.8
2	29865	31636	30683.3
3	29674	30884	30222.3
4	29482	30487	29904.6
5	29452	30163	29698.9
6	29438	29808	29549
7	29437	29625	29475.9
8	29437	29536	29449
9	29437	29481	29439.1
10	29437	29438	29437.1
11	29437	29438	29437
12	29437	29437	29437
trial...3
gene	min	max	ave
1	30117	32786	31402.2
2	29743	31743	30716.8
3	29585	31024	30236.8
4	29477	30520	29898.9
5	29456	30038	29677.3
6	29437	29814	29540.2
7	29437	29630	29475
8	29437	29536	29448.1
9	29437	29504	29439.3
10	29437	29448	29437.3
11	29437	29438	29437
12	29437	29437	29437
trial...4
gene	min	max	ave
1	30113	32522	31375
2	29833	31741	30724.2
3	29545	30907	30233.3
4	29472	30362	29913.7
5	29438	30260	29678.9
6	29437	30018	29527.8
7	29437	29618	29456.6
8	29437	29480	29439.6
9	29437	29452	29437.3
10	29437	29438	29437
11	29437	29437	29437
trial...5
gene	min	max	ave
1	30206	32626	31480.4
2	30047	31750	30795.1
3	29809	31068	30298.1
4	29553	30404	29960.9
5	29453	30118	29722.6
6	29445	29828	29568.9
7	29437	29676	29488.5
8	29437	29540	29455.8
9	29437	29480	29440.8
10	29437	29452	29437.1
11	29437	29437	29437
trial...6
gene	min	max	ave
1	30132	32790	31394.4
2	29885	31551	30710.9
3	29713	30895	30280.9
4	29487	30492	29952.3
5	29451	30062	29723
6	29437	29894	29568.2
7	29437	29643	29491.8
8	29437	29533	29457.2
9	29437	29525	29442.6
10	29437	29452	29437.1
11	29437	29437	29437
trial...7
gene	min	max	ave
1	30345	32622	31376.4
2	29984	31523	30722.2
3	29759	30824	30272.9
4	29569	30443	29951.1
5	29461	30145	29735.7
6	29437	29878	29578.1
7	29437	29664	29493.1
8	29437	29544	29457
9	29437	29489	29442.4
10	29437	29489	29438.5
11	29437	29447	29437.1
12	29437	29437	29437
trial...8
gene	min	max	ave
1	30371	32408	31425.1
2	29785	31440	30760.8
3	29706	30833	30288.7
4	29543	30402	29946.1
5	29448	30095	29705.9
6	29437	29812	29564.1
7	29437	29604	29491.3
8	29437	29527	29463.2
9	29437	29480	29447.5
10	29437	29479	29439.5
11	29437	29460	29437.2
12	29437	29437	29437
trial...9
gene	min	max	ave
1	30107	32693	31404
2	29812	31821	30721.4
3	29536	30982	30251
4	29450	30426	29916.8
5	29450	30051	29695
6	29438	29892	29558.3
7	29437	29657	29481.1
8	29437	29536	29448.6
9	29437	29480	29440
10	29437	29447	29437.2
11	29437	29438	29437
12	29437	29437	29437
trial...10
gene	min	max	ave
1	30284	32879	31375.2
2	30001	31638	30704.4
3	29703	30800	30268
4	29463	30489	29943.6
5	29447	30052	29702.4
6	29437	29861	29559.3
7	29437	29680	29482.7
8	29437	29544	29452.6
9	29437	29525	29441.8
10	29437	29461	29437.9
11	29437	29438	29437
12	29437	29437	29437
trial...11
gene	min	max	ave
1	30263	32489	31434.4
2	29974	31753	30763.8
3	29739	30994	30283.1
4	29478	30616	29961
5	29451	30087	29721.4
6	29437	29837	29576.5
7	29437	29700	29503.2
8	29437	29541	29467
9	29437	29527	29444.6
10	29437	29525	29437.6
11	29437	29437	29437
trial...12
gene	min	max	ave
1	30221	32781	31401
2	30010	31443	30733.9
3	29654	30836	30246.6
4	29573	30378	29933.8
5	29475	30111	29703.8
6	29444	29880	29554.9
7	29437	29605	29481
8	29437	29581	29454.2
9	29437	29489	29440.5
10	29437	29452	29437.2
11	29437	29438	29437
12	29437	29437	29437
trial...13
gene	min	max	ave
1	30357	32440	31359.2
2	30085	31393	30691.9
3	29642	30804	30225.2
4	29600	30314	29920.2
5	29479	30123	29704.1
6	29445	29819	29573.6
7	29437	29636	29501.7
8	29437	29585	29468.2
9	29437	29517	29448.7
10	29437	29480	29439.6
11	29437	29460	29437.2
12	29437	29437	29437
trial...14
gene	min	max	ave
1	30296	32779	31390.3
2	29963	31589	30691.2
3	29533	30952	30214.6
4	29489	30347	29893.4
5	29438	30011	29658.4
6	29438	29930	29530.5
7	29437	29625	29469.5
8	29437	29526	29443.9
9	29437	29480	29438.2
10	29437	29438	29437.3
11	29437	29438	29437.1
12	29437	29438	29437
13	29437	29437	29437
trial...15
gene	min	max	ave
1	30336	32663	31409.8
2	29924	31513	30747.3
3	29701	30941	30304.8
4	29566	30514	29977.1
5	29507	30204	29748.2
6	29445	29982	29585
7	29437	29635	29497.7
8	29437	29569	29459.9
9	29437	29497	29443.4
10	29437	29461	29438.4
11	29437	29447	29437.1
12	29437	29438	29437
13	29437	29437	29437
trial...16
gene	min	max	ave
1	30547	32637	31392.3
2	29872	31570	30722.1
3	29772	30883	30253.8
4	29527	30401	29951.2
5	29463	30079	29733.6
6	29439	29878	29590.5
7	29437	29687	29508.8
8	29437	29587	29464.1
9	29437	29522	29444.6
10	29437	29479	29438.6
11	29437	29437	29437
trial...17
gene	min	max	ave
1	30173	32652	31403.2
2	29829	31434	30732.6
3	29714	30979	30303.7
4	29528	30587	29997.8
5	29451	30211	29764
6	29439	29945	29608.9
7	29437	29810	29516.1
8	29437	29610	29467.4
9	29437	29517	29446.1
10	29437	29455	29439
11	29437	29452	29437.3
12	29437	29437	29437
trial...18
gene	min	max	ave
1	30340	32699	31389.9
2	29980	31573	30731.2
3	29706	31028	30280.5
4	29456	30476	29963.1
5	29438	30154	29719.6
6	29437	29824	29567.6
7	29437	29735	29490.8
8	29437	29533	29452.6
9	29437	29480	29438.8
10	29437	29438	29437.1
11	29437	29438	29437
12	29437	29437	29437
trial...19
gene	min	max	ave
1	30236	32724	31427.3
2	29877	31666	30747.3
3	29689	30940	30270.1
4	29525	30431	29943.3
5	29451	30125	29716.7
6	29438	29896	29567.5
7	29437	29690	29496.1
8	29437	29533	29465.2
9	29437	29525	29450.2
10	29437	29480	29440.7
11	29437	29449	29437.1
12	29437	29437	29437
trial...20
gene	min	max	ave
1	30364	32819	31352.1
2	30018	31757	30702.1
3	29719	30831	30278.5
4	29492	30537	29953.3
5	29461	30142	29712.2
6	29437	29874	29560.7
7	29437	29651	29478.3
8	29437	29594	29450.4
9	29437	29525	29439.4
10	29437	29438	29437
11	29437	29437	29437
opt count : 0
opt average : 29437
convergence generation : 11.75
