Instance : lin105.tsp
opt distance : 6773
trial : 20
generation : 100
population : 200
children : 100
trial...1
gene	min	max	ave
1	14379	16013	14934.7
2	14379	15236	14646.1
3	14379	14856	14499.4
4	14379	14582	14428.7
5	14379	14543	14392.6
6	14379	14496	14380.4
7	14379	14379	14379
trial...2
gene	min	max	ave
1	14422	15860	14917
2	14379	15423	14622.8
3	14379	14871	14494.9
4	14379	14595	14424.7
5	14379	14504	14389.5
6	14379	14456	14379.7
7	14379	14379	14379
trial...3
gene	min	max	ave
1	14379	16024	14973.9
2	14379	15227	14660.1
3	14379	14846	14516.1
4	14379	14592	14446
5	14379	14504	14398.8
6	14379	14504	14381.9
7	14379	14379	14379
trial...4
gene	min	max	ave
1	14446	15791	14963.1
2	14379	15317	14666.9
3	14379	14939	14511.1
4	14379	14613	14429.4
5	14379	14512	14387.9
6	14379	14416	14379.4
7	14379	14379	14379
trial...5
gene	min	max	ave
1	14379	16272	14922.3
2	14379	15233	14627.7
3	14379	14901	14497
4	14379	14580	14432.1
5	14379	14508	14395.6
6	14379	14422	14379.6
7	14379	14379	14379
trial...6
gene	min	max	ave
1	14436	15638	14937.3
2	14379	15264	14623
3	14379	14746	14500
4	14379	14594	14434.9
5	14379	14504	14394.9
6	14379	14475	14379.8
7	14379	14379	14379
trial...7
gene	min	max	ave
1	14401	15982	14966.6
2	14379	15294	14634.3
3	14379	14856	14491.5
4	14379	14567	14423
5	14379	14492	14388.3
6	14379	14426	14379.3
7	14379	14379	14379
trial...8
gene	min	max	ave
1	14379	15712	14945.9
2	14379	15251	14630
3	14379	14902	14478.4
4	14379	14541	14413.8
5	14379	14492	14385.3
6	14379	14401	14379.2
7	14379	14379	14379
trial...9
gene	min	max	ave
1	14426	16119	14931.2
2	14379	15157	14616.9
3	14379	14721	14495.1
4	14379	14585	14431.7
5	14379	14520	14395.4
6	14379	14475	14380.8
7	14379	14379	14379
trial...10
gene	min	max	ave
1	14469	16062	14927.4
2	14390	15302	14632.6
3	14379	14809	14512.5
4	14379	14589	14447.3
5	14379	14544	14400.9
6	14379	14489	14383
7	14379	14379	14379
trial...11
gene	min	max	ave
1	14379	15933	14985.5
2	14379	15316	14662.3
3	14379	14772	14510.4
4	14379	14593	14437.4
5	14379	14512	14395.4
6	14379	14475	14380.3
7	14379	14379	14379
trial...12
gene	min	max	ave
1	14379	15749	14929.6
2	14379	15180	14618.3
3	14379	14669	14498.8
4	14379	14585	14446.5
5	14379	14512	14400.4
6	14379	14475	14380.7
7	14379	14379	14379
trial...13
gene	min	max	ave
1	14412	16282	14947.8
2	14379	15234	14629.6
3	14379	14856	14499.6
4	14379	14608	14436
5	14379	14529	14396.9
6	14379	14492	14382.7
7	14379	14379	14379
trial...14
gene	min	max	ave
1	14414	15910	14946.5
2	14379	15408	14643.8
3	14379	14953	14508.4
4	14379	14575	14437.8
5	14379	14512	14395.5
6	14379	14475	14381.4
7	14379	14379	14379
trial...15
gene	min	max	ave
1	14416	16074	14916.8
2	14379	15191	14593.9
3	14379	14870	14459.4
4	14379	14555	14403
5	14379	14547	14381.9
6	14379	14379	14379
trial...16
gene	min	max	ave
1	14379	15641	14941.4
2	14379	15244	14646.9
3	14379	14889	14499
4	14379	14603	14427
5	14379	14512	14388.9
6	14379	14416	14380.8
7	14379	14379	14379
trial...17
gene	min	max	ave
1	14379	16200	14898.5
2	14379	15218	14598.9
3	14379	14874	14473.4
4	14379	14531	14409.9
5	14379	14485	14382.9
6	14379	14379	14379
trial...18
gene	min	max	ave
1	14438	16131	14933.9
2	14379	15141	14614.6
3	14379	14726	14480.3
4	14379	14571	14419.4
5	14379	14512	14385
6	14379	14416	14379.2
7	14379	14379	14379
trial...19
gene	min	max	ave
1	14416	15861	14891.7
2	14379	15163	14600.4
3	14379	14743	14484.2
4	14379	14570	14425.3
5	14379	14456	14386.6
6	14379	14416	14380.1
7	14379	14379	14379
trial...20
gene	min	max	ave
1	14379	15932	14895.2
2	14379	15333	14584.4
3	14379	14927	14455.5
4	14379	14548	14400.8
5	14379	14492	14381.6
6	14379	14379	14379
opt count : 0
opt average : 14379
convergence generation : 6.85
