Instance : linhp318.tsp
opt distance : 6773
trial : 20
generation : 100
population : 200
children : 100
trial...1
gene	min	max	ave
1	43518	46247	44775.7
2	43030	45033	43919.6
3	42641	44143	43348.6
4	42393	43473	42954
5	42190	43112	42676.9
6	42120	42784	42449.4
7	42029	42649	42292.1
8	42029	42463	42174.3
9	42029	42376	42103.3
10	42029	42186	42064.4
11	42029	42118	42044.7
12	42029	42091	42031.3
13	42029	42029	42029
trial...2
gene	min	max	ave
1	43322	45961	44681.3
2	42869	44952	43877.3
3	42755	44141	43382.8
4	42503	43547	43008.4
5	42371	43209	42728.3
6	42150	42879	42521
7	42102	42660	42352.7
8	42077	42558	42229.4
9	42029	42398	42159.8
10	42029	42262	42127.2
11	42029	42143	42102.8
12	42029	42143	42077.6
13	42029	42143	42048.7
14	42029	42102	42033.1
15	42029	42040	42029.4
16	42029	42029	42029
trial...3
gene	min	max	ave
1	43390	46210	44818.1
2	43022	45120	43980.1
3	42703	44203	43425.4
4	42357	43610	43018.8
5	42263	43193	42726.8
6	42152	42852	42491.7
7	42045	42627	42314.3
8	42029	42457	42184.2
9	42029	42284	42104.5
10	42029	42157	42059.7
11	42029	42143	42038.1
12	42029	42083	42030.4
13	42029	42040	42029.2
14	42029	42029	42029
trial...4
gene	min	max	ave
1	43373	46228	44690.2
2	42926	44777	43884.8
3	42629	44003	43343.4
4	42465	43507	42973.2
5	42344	43126	42688.8
6	42245	42894	42471
7	42062	42566	42318.8
8	42029	42456	42215.3
9	42029	42301	42143.5
10	42029	42220	42091.9
11	42029	42151	42054.7
12	42029	42131	42033.2
13	42029	42029	42029
trial...5
gene	min	max	ave
1	43646	45943	44713.5
2	43250	44758	43910.9
3	42515	44236	43387.5
4	42478	43578	43021.9
5	42218	43216	42749.9
6	42157	42905	42540.1
7	42107	42662	42365.8
8	42091	42474	42237.9
9	42029	42345	42151
10	42029	42215	42105.8
11	42029	42152	42082.5
12	42029	42133	42065.6
13	42029	42091	42050.1
14	42029	42083	42037.2
15	42029	42083	42030.1
16	42029	42029	42029
trial...6
gene	min	max	ave
1	43498	46076	44720.2
2	43085	45235	43917
3	42731	43939	43397.7
4	42533	43447	43010
5	42313	43142	42742.2
6	42155	42884	42530.4
7	42116	42642	42350.8
8	42091	42403	42230.7
9	42072	42285	42164.8
10	42040	42213	42125.9
11	42029	42170	42104.2
12	42029	42144	42086.6
13	42029	42143	42070.5
14	42029	42094	42054.8
15	42029	42091	42039.3
16	42029	42091	42030.4
17	42029	42029	42029
trial...7
gene	min	max	ave
1	43612	46042	44724.3
2	43251	44851	43938.3
3	42710	44099	43427.5
4	42283	43819	43054
5	42155	43218	42748.7
6	42108	42922	42507.9
7	42040	42714	42328.3
8	42029	42435	42202.2
9	42029	42291	42126.8
10	42029	42251	42084.1
11	42029	42143	42055.4
12	42029	42102	42038.4
13	42029	42087	42029.8
14	42029	42029	42029
trial...8
gene	min	max	ave
1	43469	46354	44780.1
2	42977	44938	43958.2
3	42906	44154	43418.3
4	42627	43567	43039.3
5	42369	43178	42763
6	42193	42875	42546.9
7	42088	42677	42381.1
8	42040	42505	42253.4
9	42029	42353	42155.3
10	42029	42248	42099
11	42029	42179	42062.2
12	42029	42119	42040.4
13	42029	42053	42034
14	42029	42040	42031.2
15	42029	42040	42029.4
16	42029	42040	42029.1
17	42029	42029	42029
trial...9
gene	min	max	ave
1	43419	46292	44682
2	42855	44934	43877.3
3	42728	44074	43349.8
4	42464	43541	42975.8
5	42343	43201	42692.7
6	42196	42847	42488.2
7	42119	42610	42330.4
8	42040	42494	42217.2
9	42029	42320	42136.4
10	42029	42216	42076.1
11	42029	42165	42042
12	42029	42091	42029.9
13	42029	42049	42029.1
14	42029	42029	42029
trial...10
gene	min	max	ave
1	43584	46250	44753.2
2	42885	45141	43909.5
3	42598	44202	43382.9
4	42466	43650	43007.9
5	42275	43192	42720.4
6	42104	42880	42498.6
7	42040	42639	42318.8
8	42029	42516	42191
9	42029	42294	42106.5
10	42029	42185	42058.5
11	42029	42126	42035.8
12	42029	42040	42029.6
13	42029	42029	42029
trial...11
gene	min	max	ave
1	43347	45896	44704.3
2	42827	44855	43874.5
3	42429	43980	43329.4
4	42397	43567	42939
5	42219	43119	42654.7
6	42134	42901	42441.6
7	42045	42611	42292.1
8	42029	42410	42185.6
9	42029	42256	42108.1
10	42029	42208	42060.7
11	42029	42118	42033.3
12	42029	42040	42029.1
13	42029	42029	42029
trial...12
gene	min	max	ave
1	43661	46189	44779.3
2	43075	44839	43952.6
3	42825	44151	43406.1
4	42374	43571	43006.8
5	42267	43093	42712
6	42203	42858	42464.8
7	42077	42557	42299.3
8	42040	42406	42196.5
9	42029	42322	42131.1
10	42029	42188	42090.1
11	42029	42143	42059.4
12	42029	42137	42039.2
13	42029	42087	42030.4
14	42029	42029	42029
trial...13
gene	min	max	ave
1	43182	46747	44737.5
2	42997	44771	43898.7
3	42682	44037	43352.2
4	42446	43563	42949
5	42326	43220	42661.8
6	42165	42839	42444.2
7	42066	42544	42293.7
8	42066	42342	42198.4
9	42029	42253	42137.9
10	42029	42203	42092.5
11	42029	42165	42056.4
12	42029	42128	42034.6
13	42029	42040	42029.2
14	42029	42029	42029
trial...14
gene	min	max	ave
1	43666	46913	44665.2
2	43053	44717	43868.8
3	42654	43911	43351.2
4	42432	43626	42977.9
5	42284	43113	42687.6
6	42128	42849	42459
7	42064	42741	42298.1
8	42053	42479	42178.3
9	42029	42259	42115.7
10	42029	42180	42075.3
11	42029	42115	42048.9
12	42029	42093	42034.2
13	42029	42082	42029.3
14	42029	42029	42029
trial...15
gene	min	max	ave
1	43569	46127	44747.1
2	43023	45036	43927
3	42432	44282	43355.1
4	42391	43654	42959.2
5	42249	43143	42657.7
6	42134	42801	42436.8
7	42080	42643	42272.8
8	42029	42375	42170
9	42029	42246	42111.2
10	42029	42156	42077.8
11	42029	42123	42056
12	42029	42091	42041.4
13	42029	42083	42031.9
14	42029	42029	42029
trial...16
gene	min	max	ave
1	43773	46153	44759.1
2	43223	44901	43940.5
3	42834	44131	43424
4	42650	43520	43067.1
5	42300	43151	42762.3
6	42202	42841	42535.8
7	42110	42668	42364.4
8	42064	42447	42241.4
9	42029	42356	42162.5
10	42029	42260	42108.1
11	42029	42180	42068.7
12	42029	42147	42039.5
13	42029	42091	42029.6
14	42029	42029	42029
trial...17
gene	min	max	ave
1	43524	46283	44756.5
2	43136	44843	43938.3
3	42539	44172	43408
4	42445	43692	43041.8
5	42361	43135	42750.7
6	42206	42911	42507.9
7	42107	42665	42314.4
8	42040	42366	42188
9	42029	42276	42119.8
10	42029	42155	42078.2
11	42029	42129	42054.1
12	42029	42094	42038.4
13	42029	42083	42030.8
14	42029	42029	42029
trial...18
gene	min	max	ave
1	43231	46129	44706.5
2	42729	44918	43900.6
3	42335	43991	43370.3
4	42210	43581	42993.2
5	42128	43076	42688.5
6	42066	42829	42461.2
7	42029	42646	42278.7
8	42029	42464	42163.3
9	42029	42285	42097.3
10	42029	42165	42055.5
11	42029	42123	42035
12	42029	42040	42029.1
13	42029	42029	42029
trial...19
gene	min	max	ave
1	43429	46059	44732.2
2	42971	44982	43910.8
3	42802	44034	43386.5
4	42450	43649	43002.6
5	42344	43226	42721.1
6	42206	42852	42503.2
7	42107	42668	42332
8	42062	42476	42213.2
9	42029	42315	42136.9
10	42029	42258	42092.5
11	42029	42142	42067.5
12	42029	42094	42052.2
13	42029	42091	42038
14	42029	42083	42029.8
15	42029	42029	42029
trial...20
gene	min	max	ave
1	43553	46492	44769.3
2	43086	45006	43918.9
3	42719	44084	43365.9
4	42534	43663	42993.9
5	42368	43189	42722.3
6	42241	42803	42519.8
7	42139	42621	42366.5
8	42083	42470	42251.5
9	42083	42344	42190.8
10	42029	42255	42153.4
11	42029	42228	42124.3
12	42029	42160	42100.4
13	42029	42143	42081.4
14	42029	42102	42069.9
15	42029	42094	42057.9
16	42029	42083	42042.8
17	42029	42083	42032.8
18	42029	42029	42029
opt count : 0
opt average : 42029
convergence generation : 14.5
