Instance : pcb442.tsp
opt distance : 6773
trial : 1
generation : 100
population : 200
children : 100
trial...1
gene	min	max	ave
1	53339	56296	54890.4
2	52521	54901	53740.2
3	51879	53942	52897.7
4	51586	52987	52272.8
5	51246	52361	51820.6
6	51173	51887	51476.3
7	50978	51598	51242.3
8	50903	51353	51086.8
9	50828	51221	50987.3
10	50817	51053	50934.6
11	50793	50962	50896.5
12	50790	50941	50860
13	50790	50925	50827.9
14	50790	50875	50807.4
15	50790	50822	50797
16	50790	50819	50792.3
17	50790	50805	50790.1
18	50790	50790	50790
opt count : 0
opt average : 50790
convergence generation : 18
