Instance : rat575.tsp
opt distance : 6773
trial : 1
generation : 100
population : 200
children : 100
trial...1
gene	min	max	ave
1	7225	7516	7366.07
2	7140	7355	7247.73
3	7063	7271	7157.26
4	6968	7173	7085.45
5	6957	7079	7025.2
6	6903	7046	6973.85
7	6858	6983	6930.91
8	6844	6941	6893.83
9	6812	6898	6861.38
10	6804	6870	6836
11	6795	6850	6816.96
12	6783	6820	6801.5
13	6777	6811	6791.02
14	6776	6794	6784.14
15	6775	6789	6779.64
16	6775	6782	6776.79
17	6775	6779	6775.53
18	6775	6777	6775.12
19	6775	6776	6775.01
20	6775	6775	6775
opt count : 0
opt average : 6775
convergence generation : 20
