Instance : rd400.tsp
opt distance : 6773
trial : 1
generation : 100
population : 200
children : 100
trial...1
gene	min	max	ave
1	16032	16940	16428.8
2	15810	16561	16139.9
3	15640	16184	15933.1
4	15542	15948	15767.1
5	15460	15804	15637.4
6	15389	15685	15538.8
7	15346	15572	15453.7
8	15313	15507	15388.8
9	15294	15443	15342.9
10	15284	15367	15314.3
11	15284	15332	15297.5
12	15284	15304	15289.7
13	15284	15295	15285.8
14	15284	15292	15284.4
15	15284	15287	15284
16	15284	15284	15284
opt count : 0
opt average : 15284
convergence generation : 16
