Instance : rat575.tsp
opt distance : 6773
trial : 1
generation : 100
population : 200
children : 100
trial...1
gene	min	max	ave
1	7219	7517	7359.31
2	7130	7338	7241
3	7053	7246	7152.54
4	7005	7156	7080.45
5	6936	7088	7022.95
6	6890	7046	6974.42
7	6873	7001	6931.97
8	6840	6939	6896.36
9	6825	6911	6866.61
10	6810	6884	6841.48
11	6799	6850	6822.35
12	6781	6831	6806.28
13	6779	6816	6794.35
14	6778	6800	6786.27
15	6776	6791	6781.24
16	6775	6784	6778.26
17	6775	6779	6776.76
18	6775	6778	6775.89
19	6775	6777	6775.33
20	6775	6776	6775.09
21	6775	6775	6775
opt count : 0
opt average : 6775
convergence generation : 21
