Instance : u574.tsp
opt distance : 6773
trial : 1
generation : 100
population : 200
children : 100
trial...1
gene	min	max	ave
1	39229	40825	40034.7
2	38894	40028	39398.5
3	38425	39373	38901.4
4	38032	38903	38503.8
5	37800	38533	38193
6	37561	38320	37921.7
7	37408	38022	37695.5
8	37197	37749	37503.3
9	37062	37601	37337
10	37008	37462	37208.5
11	36983	37311	37098.1
12	36914	37159	37011.7
13	36906	37080	36951.1
14	36905	36984	36920.2
15	36905	36931	36908.4
16	36905	36920	36905.6
17	36905	36911	36905.1
18	36905	36906	36905
19	36905	36905	36905
opt count : 0
opt average : 36905
convergence generation : 19
