Instance : d657.tsp
opt distance : 6773
trial : 1
generation : 100
population : 200
children : 100
trial...1
gene	min	max	ave
1	51654	54166	52871.6
2	51292	52997	52011
3	50344	52061	51349
4	50294	51276	50865.3
5	49961	50863	50465.4
6	49751	50559	50133.5
7	49533	50227	49868.5
8	49397	49968	49661.3
9	49182	49734	49494
10	49139	49574	49362.6
11	49086	49423	49253.2
12	49037	49302	49165.4
13	48978	49197	49095.7
14	48952	49165	49038.7
15	48920	49101	48991
16	48914	49037	48953.1
17	48913	48986	48930.3
18	48913	48943	48918.2
19	48913	48928	48913.9
20	48913	48916	48913
21	48913	48913	48913
opt count : 0
opt average : 48913
convergence generation : 21
